0 0.0560558 0.57967 0.0769923 0.620879 0.856609
0 0.148131 0.593407 0.0774426 0.659341 0.872194
0 0.23683 0.568681 0.0621342 0.686813 0.865082
0 0.308195 0.57967 0.0571815 0.653846 0.739636
0 0.378208 0.486264 0.0459253 0.785714 0.625428
0 0.424133 0.516484 0.0315173 0.681319 0.736332
0 0.446646 0.620879 0.0135074 0.263736 0.56876
0 0.505628 0.516484 0.0720396 0.912088 0.881326
0 0.598604 0.527473 0.0760918 0.802198 0.803828
0 0.713192 0.458791 0.120666 0.686813 0.860935
0 0.832058 0.450549 0.0837461 0.802198 0.839137
0 0.933363 0.478022 0.100855 0.846154 0.731013
