0 0.025244 0.554913 0.0462452 0.867052 0.75207
0 0.124311 0.49711 0.121341 0.786127 0.859557
0 0.214892 0.549133 0.0335172 0.705202 0.724809
0 0.30314 0.534682 0.151464 0.734104 0.702581
0 0.412176 0.621387 0.0165465 0.294798 0.424867
0 0.481332 0.450867 0.135342 0.682081 0.812934
0 0.607764 0.471098 0.103097 0.780347 0.814384
0 0.730165 0.427746 0.0763683 0.751445 0.81956
0 0.802927 0.465318 0.0326686 0.734104 0.575263
0 0.827747 0.66474 0.0161222 0.277457 0.626616
0 0.935723 0.476879 0.127705 0.930636 0.898741
